#GSAS-II instrument parameter file; do not add/delete items!
Type:PXC
Bank:1.0
Lam:0.1814
Polariz.:5.717601378442185
Azimuth:0.0
Zero:-0.0015022412146610347
U:162.00284510944329
V:0.1376871703343786
W:0.8048417797288713
X:-0.010587318800446043
Y:-7.149269143639301
Z:0.04134524101749361
SH/L:0.002
Diff-type:Debye-Scherrer
Gonio. radius:200.0
